-0.027968
0.061319
0.048441
0.127903
0.121657
0.072936
0.038539
0.060135
0.068984
0.047976
0.052712
-0.014905
0.096750
0.079776
0.087472
0.063731
0.015055
0.146007
0.148455
0.049108
0.108012
0.054148
0.071244
0.009628
0.111157
0.069079
0.175361
0.079414
0.082480
0.073551
0.170004
0.024056
0.028307
0.046691
0.032585
0.021693
0.017804
0.071644
0.123644
0.063753
0.040515
0.053844
0.089383
0.071339
0.057726
0.074494
0.080180
0.088124
-0.095535
0.070881
0.072929
0.070980
0.056968
0.000573
0.027941
0.009278
0.050278
0.041147
0.000918
0.057200
-0.028990
0.052916
0.090298
0.019291
0.015544
0.074525
0.122406
0.058520
0.036169
0.076766
0.088798
0.073543
0.050631
0.073706
0.046684
0.097070
0.056673
0.049510
0.042529
0.088657
0.091197
0.064485
0.139388
0.080886
0.085262
0.112690
0.169349
0.144460
0.076400
0.080832
0.083635
0.064983
0.009815
0.022341
0.116268
0.062025
0.112324
-0.027315
-0.019706
0.036628
0.050881
0.076493
-0.019341
0.023558
0.039745
0.030382
0.079665
0.141017
0.097496
0.125659
0.031254
0.074446
0.086096
0.044552
0.090831
0.102110
0.031854
0.066367
0.090833
0.060449
-0.002698
0.021966
0.082108
0.059186
0.055157
0.070278
0.097045
0.107776
0.104225
0.043717
0.023049
0.069622
0.092745
0.052742
0.047887
0.063253
-0.003573
0.059348
0.097754
-0.008097
0.127091
0.058494
0.102267
0.080704
0.048855
0.057858
0.039226
0.073703
0.025397
0.069294
0.079452
-0.030461
0.069711
-0.068936
0.035816
0.013072
0.113414
0.001534
0.047661
0.047600
0.119470
0.106013
0.024600
0.003475
-0.039241
0.033986
0.095925
0.103506
0.122464
0.048709
0.074890
0.054503
0.075219
0.070996
0.003830
0.050074
0.162752
0.032367
-0.104007
-0.076277
0.022115
0.023346
0.063046
0.060153
0.034946
0.027448
0.011292
0.050207
0.046911
-0.074133
0.128347
0.053915
0.038256
0.007567
0.137761
0.053812
0.144852
0.071852
0.088876
0.026648
0.042463
0.011117
0.060891
0.104437
-0.049315
0.137194
-0.057404
-0.028467
0.034142
0.093544
0.016744
0.006676
-0.012915
0.031020
0.121007
0.110174
0.090328
-0.026060
0.045456
0.070845
-0.019668
0.039801
0.066523
-0.046291
0.100358
0.072221
0.132583
-0.041215
0.072572
0.107221
0.005231
0.079213
0.069147
0.054169
-0.011487
-0.031546
0.033797
0.091393
0.096130
-0.014878
0.141724
0.161677
0.000590
0.037286
0.046105
0.163686
0.158498
0.127749
0.117159
0.003795
0.052043
0.003297
0.090412
0.062505
0.055680
0.092380
0.130551
0.051869
0.082758
0.062900
0.125112
0.144147
0.125081
0.039201
0.092747
0.091537
0.134876
0.083789
0.052271
0.052385
0.094730
0.059305
0.041159
0.028682
0.074170
0.095182
0.021535
0.046004
0.080444
0.069636
0.029109
0.023540
0.153772
0.087413
0.113398
0.068802
0.068046
0.073748
0.069865
0.113238
0.109691
0.080529
0.085169
0.089660
0.067987
0.106753
0.105988
0.078254
0.119762
0.114524
0.083031
0.070836
0.087673
0.125858
0.107587
0.021770
0.060816
0.131038
0.055484
0.070003
0.128662
0.135480
0.071032
0.076118
0.144860
0.010019
0.023690
0.048517
0.210508
0.086547
0.061905
0.050973
0.103463
0.016038
0.051345
0.173716
0.038153
0.071410
0.042074
0.158070
0.076398
0.142323
0.056667
0.096668
0.045879
0.130760
0.054285
0.056860
-0.037974
0.111652
0.213988
0.204173
0.146411
0.072916
0.149566
0.169473
0.011053
0.072597
0.031330
0.104204
0.236393
0.057557
0.086945
0.089698
0.080549
-0.019270
0.082797
0.065736
0.053035
0.207931
0.025897
0.017508
0.078228
0.045833
0.067827
0.092312
0.071730
0.103717
0.027777
0.077751
0.091692
0.026128
0.148437
0.084334
0.044678
0.093832
-0.005405
-0.092896
-0.056310
0.024760
0.107810
0.103954
-0.006252
0.016101
-0.037984
0.160970
0.076345
0.089728
0.094458
0.171782
0.086399
0.085637
0.031048
0.027278
0.075376
0.037393
0.099725
0.059886
0.039753
0.052029
0.143550
0.118200
0.061537
0.089640
0.033317
0.075377
0.017980
0.018049
0.104651
-0.010822
0.011388
0.064595
0.054930
0.033469
0.054561
0.058044
0.094840
0.152975
0.128265
0.097850
-0.021770
0.146474
0.129490
0.140422
0.152973
0.068135
0.125287
0.078788
0.107734
0.102322
0.050526
-0.010114
-0.040471
0.050687
0.175778
0.116100
0.099607
-0.095458
0.093635
0.048202
0.061454
-0.053264
0.049763
-0.049279
0.082994
-0.033303
-0.049379
-0.059177
0.045441
-0.026146
0.021779
0.117880
0.075364
-0.025112
0.079172
0.042427
0.053684
0.053913
0.076153
0.046135
0.109214
0.096868
0.045501
0.019128
0.032628
0.118026
0.060278
-0.056491
0.039052
0.057103
0.044719
0.086016
0.024501
-0.097429
0.069041
0.064583
-0.036780
-0.019270
0.004389
0.104423
0.100829
0.032629
0.010255
-0.033456
0.114843
0.012971
0.015064
0.122671
0.013021
0.066264
0.206284
-0.075730
0.032370
0.030574
0.088928
0.061381
0.012944
0.100982
-0.030316
0.104062
-0.011888
0.021508
0.110778
0.026684
0.032898
0.003672
-0.014334
0.030315
0.120379
0.055737
-0.003450
-0.010766
0.134836
0.002762
-0.002751
0.044162
0.021493
-0.018543
0.051169
0.045535
0.002309
-0.036635
0.053418
0.062378
0.026574
0.035580
-0.008200
-0.009526
-0.008298
0.083678
0.171018
-0.006769
0.071626
-0.023345
0.077029
0.056482
0.030470
0.059000
0.057370
0.075712
0.063086
0.100982
0.031591
0.179071
0.034505
0.121993
0.069607
-0.080057
0.057467
0.042814
-0.022320
0.042402
0.046504
0.032543
-0.025248
0.072109
0.044885
0.146776
0.045463
0.006740
0.008427
0.007970
0.068286
0.050294
-0.068346
0.068798
-0.024602
0.054501
0.055692
0.070317
0.059867
0.082189
0.070871
-0.063943
0.020390
0.066115
0.001388
-0.082545
-0.213828
0.075329
0.042144
-0.061338
0.016898
0.227541
0.088807
0.016189
0.046902
0.046536
-0.025461
-0.035613
0.014669
0.062012
0.061729
0.074013
-0.038959
0.075891
-0.044534
0.058754
0.071735
0.090195
0.118080
0.096252
-0.000019
0.091352
0.146288
0.063834
0.060019
-0.064621
0.044708
0.077851
0.004861
0.069197
0.087903
0.013589
0.061086
0.118877
-0.001053
0.070540
-0.032064
-0.013295
0.055827
0.053880
0.054778
0.057845
-0.064526
0.078890
-0.114292
-0.042474
-0.023452
0.106203
0.013785
0.050400
0.025426
0.043277
0.071220
0.141596
0.167663
0.108421
0.041206
0.049264
0.015373
0.072561
-0.058962
0.057346
0.053502
0.390440
0.316159
0.089231
0.046846
0.075193
0.126599
-0.070397
0.066887
0.067309
0.065615
-0.004246
0.049168
0.048207
0.038680
0.004739
0.059437
0.160548
0.002431
0.014710
0.019046
0.047840
0.092519
0.062391
0.090463
0.093649
0.092236
0.078951
0.041685
0.075801
0.014368
0.110983
0.109396
0.045612
0.129939
0.054339
0.221953
0.177379
0.079153
0.025640
0.005244
0.054794
0.033063
0.029726
0.041736
0.064829
0.018917
0.028390
-0.046143
0.229732
0.099429
0.106085
0.051677
0.225636
0.065154
0.106164
0.082839
0.061955
0.015500
0.061020
-0.038827
0.078419
0.046896
0.077848
0.055510
0.044983
0.043852
0.079633
0.069222
0.044737
0.005488
-0.029719
0.055802
0.126379
0.095388
0.076095
0.083219
0.058432
0.095946
0.052463
0.080276
-0.019270
0.104878
0.079705
0.018240
0.048676
0.247655
0.144423
0.023782
0.042884
0.092503
0.053793
0.051716
0.064777
-0.013310
0.068308
-0.044240
0.061357
-0.067546
0.041425
0.110408
0.006682
0.005412
0.009158
0.056091
-0.020219
0.070353
0.052317
0.083854
0.067923
0.130128
0.033994
0.017969
0.177725
0.087813
0.132980
0.037678
0.155317
0.121700
0.029621
0.058705
0.059753
0.080100
0.076101
0.086733
0.016909
-0.032538
0.033696
0.025944
0.033725
-0.053540
0.048427
-0.010518
0.143286
0.083219
-0.033882
0.099765
0.061168
-0.008387
0.041105
0.078597
0.108710
0.084861
0.289110
0.077648
0.136739
0.151248
0.042201
0.008039
0.021339
0.076221
0.036471
0.068797
0.012802
0.085801
0.014913
-0.010950
0.001225
0.079979
0.006430
-0.056424
0.026337
0.023283
-0.031713
-0.023172
0.025790
-0.023647
0.087937
0.052577
0.015438
0.107607
0.075328
0.171584
-0.024637
0.101728
0.057844
0.097563
-0.004159
0.038333
0.092487
0.134849
-0.019270
0.117563
0.047914
0.065457
0.081919
0.034444
0.037188
0.035519
0.039557
0.050673
0.023395
0.084648
0.064077
0.098327
-0.004073
-0.026366
0.095417
0.053989
0.039977
0.042975
0.038636
-0.038873
-0.003035
0.124580
0.034406
0.023476
0.065349
0.033607
0.131071
0.052497
0.148737
0.054927
0.007907
0.066628
0.149770
0.132895
0.064025
0.050066
0.054590
0.076272
0.053496
0.152185
0.054988
0.113529
0.076664
0.081981
0.034805
0.058231
0.035296
0.027251
0.091977
-0.041570
0.049143
-0.019494
0.094744
0.154650
0.069986
0.037681
0.049004
0.036667
0.024097
0.036774
0.084986
-0.009139
0.139996
0.074305
-0.030410
0.183729
0.085914
0.152272
0.042567
0.083530
0.057836
0.016532
0.034036
0.117393
0.046006
0.001730
0.009856
0.069816
-0.089732
0.102157
0.047400
0.138482
0.192919
0.084263
0.024200
0.031628
0.007010
0.049108
0.115955
0.157944
-0.004240
-0.009901
0.048748
0.081121
0.121515
0.032141
0.121254
0.054925
0.041764
0.048661
0.088362
0.043539
0.161140
0.074537
-0.007058
0.061361
0.024034
0.055632
-0.029132
0.080294
0.014099
0.079734
0.111745
0.093557
-0.011126
-0.015448
0.068506
0.052456
0.045443
0.029995
0.049724
-0.149767
0.020763
0.025059
0.060713
0.115641
-0.036741
0.015559
0.036843
0.033308
0.118948
-0.023893
0.039241
0.145000
0.020311
0.067319
0.055204
0.105562
0.073419
0.112613
0.122120
0.071560
0.139494
0.069422
-0.010527
0.050090
0.038254
-0.026983
0.014114
0.038674
0.097396
0.043613
0.063490
0.115746
0.036019
0.129277
0.108843
0.010694
0.095308
0.022087
-0.028829
0.028204
0.050333
0.038627
0.073831
0.056304
0.015924
0.022631
0.076707
0.017519
0.134406
0.110442
0.030368
0.030932
0.089706
0.096352
0.045852
0.118863
-0.099433
0.095420
0.143596
0.015095
0.024246
0.068398
0.156223
0.039516
0.091846
0.051804
0.128810
0.113050
0.062463
-0.019270
0.101154
0.078148
-0.096499
0.110769
0.017377
-0.029443
0.004330
0.016972
0.017832
-0.009420
0.108048
0.059423
-0.022281
0.038986
0.066781
