-0.178425
0.043111
-0.171337
0.446540
0.163507
-0.069063
-0.143314
0.072857
-0.189416
-0.071272
0.425274
-0.253158
-0.181714
0.374891
-0.065159
0.343372
-0.166272
0.484732
0.569170
-0.060879
0.106446
0.047131
-0.098882
-0.037235
0.489965
0.142263
0.630247
-0.194860
-0.066183
0.177893
0.330298
-0.047458
-0.022253
-0.051943
0.024483
0.203850
-0.215638
-0.069763
0.016882
-0.052845
0.022564
-0.018955
0.089393
-0.028474
0.092268
0.065413
0.138956
0.331888
-0.505138
0.034084
0.393182
0.078905
0.126303
0.031446
-0.323015
-0.062596
-0.042103
-0.126062
-0.026271
0.350126
-0.443673
0.117713
0.110928
0.142548
0.014573
0.076753
-0.137602
-0.115029
-0.340032
-0.196773
0.139028
-0.040839
0.022200
0.088090
0.239389
-0.145116
-0.001197
0.064475
0.108932
-0.081611
0.147023
0.147079
0.141906
0.117201
0.111259
0.010272
0.481485
0.492039
0.043605
0.335875
0.195312
-0.037561
0.003008
-0.027805
0.138255
0.091643
-0.087092
-0.261905
-0.206342
-0.194476
0.168197
0.060083
-0.059524
-0.171164
0.050366
-0.107836
0.061282
-0.095874
0.422619
0.578788
-0.057910
0.013338
0.071915
0.042270
-0.075976
0.462389
0.077441
0.057713
-0.038346
-0.164191
-0.004546
-0.036165
-0.020301
-0.022518
-0.072555
0.122298
0.097812
0.189137
0.179845
-0.059048
-0.144007
0.337973
0.369895
0.019284
0.064812
-0.100874
-0.389678
-0.286189
0.046021
-0.325777
0.235564
-0.095085
0.495735
0.475102
-0.102442
0.532364
0.056111
0.481845
-0.002173
-0.106186
-0.106469
-0.037197
0.025432
-0.366600
-0.215767
-0.244078
0.573550
-0.057091
-0.198204
0.116415
0.014969
-0.026395
-0.104083
-0.055227
-0.126641
0.162132
0.161224
0.195538
-0.005482
-0.263438
0.003963
0.035165
0.064726
0.114884
-0.079526
0.110371
0.550886
-0.039663
0.000093
-0.159623
-0.021158
-0.077104
0.038132
0.129972
-0.008026
-0.034979
-0.307962
0.024255
0.109459
-0.254450
0.170475
0.043207
-0.014665
0.176873
0.586181
0.104652
0.443357
0.138707
-0.052429
-0.224351
0.081025
0.077255
-0.105495
0.050042
-0.267323
0.467041
-0.253897
-0.273810
0.129892
0.100813
-0.022003
0.009756
0.007515
0.031651
0.128652
-0.043184
0.163602
-0.157627
0.030207
-0.067233
-0.213316
-0.292241
0.488957
-0.009966
0.153671
0.390723
0.488721
-0.196674
0.101215
0.000855
-0.183562
0.071888
0.087482
-0.140333
-0.181508
-0.243926
-0.290119
-0.048937
0.353935
-0.194817
0.207725
0.667726
0.065796
0.048187
0.010012
0.345797
0.613459
0.468095
0.211048
-0.123848
0.046225
0.357143
0.155548
0.113769
0.136795
0.090436
-0.048089
0.060138
-0.025678
-0.106840
0.215599
0.487756
0.491417
0.101236
-0.011559
-0.008788
0.410182
0.160615
0.119042
-0.043173
0.023750
0.042642
-0.015956
0.018379
0.031728
0.111156
-0.171990
0.055490
0.376065
0.453476
0.013480
-0.015773
0.360860
0.139212
0.553787
0.044877
0.089533
0.112721
0.062835
-0.031336
-0.167782
0.403433
0.213298
0.010125
-0.080257
0.634358
0.140895
0.082626
0.560230
0.438999
0.117979
0.047397
0.335595
0.302223
0.097498
-0.048974
0.172381
0.198980
0.173790
0.453741
0.355968
0.232777
0.124421
0.390619
0.198445
-0.100532
0.060311
-0.069936
0.600245
0.054686
-0.260499
0.047922
0.097089
-0.013796
-0.023712
0.664057
0.342087
0.048939
-0.070788
0.372933
0.364852
0.516157
-0.007994
0.447480
0.361166
0.407561
0.350627
0.174080
-0.145695
0.495621
0.392091
0.373368
0.248484
0.057779
0.498074
0.296419
-0.037329
0.108138
0.101155
0.410137
0.829838
0.015210
0.130549
-0.006758
-0.001793
0.277924
0.082074
0.070815
0.140598
0.605961
0.114076
-0.026782
0.027862
0.075452
-0.005252
0.603213
0.037072
0.095675
0.464286
0.111009
0.095612
0.057922
0.482170
0.056190
-0.071016
0.670870
0.062965
-0.078472
-0.106128
-0.018124
0.187566
0.199890
-0.441193
0.000351
-0.035515
0.134826
0.519868
0.434923
0.080452
0.350199
0.131733
0.072594
0.077804
-0.020358
0.351889
-0.237448
0.139459
0.132899
-0.011745
0.144571
0.152991
0.337657
-0.000253
-0.060965
0.123295
-0.087317
-0.129237
0.086310
0.065294
-0.105738
-0.076092
0.051758
-0.478351
0.031869
0.143384
-0.207372
0.481909
0.434501
0.209235
0.170877
-0.178571
0.193471
0.393085
0.612409
0.783867
0.055836
0.610797
-0.049620
0.157256
0.098051
0.079770
-0.263246
-0.293758
0.315373
-0.174103
0.448699
0.161493
-0.317436
0.429459
-0.020592
0.067438
-0.257713
-0.044180
-0.197108
0.091913
-0.159142
-0.047109
-0.154418
0.092214
-0.252591
0.369364
0.598262
0.090972
-0.298134
0.138890
-0.012605
0.005016
0.110731
-0.013665
0.080208
0.129213
0.200763
0.079785
-0.037682
0.162307
0.130028
0.097470
-0.238438
-0.066590
-0.318211
0.010266
-0.265203
0.004987
-0.092323
0.041580
-0.116761
-0.042588
0.277924
-0.073527
0.515579
0.385550
-0.033239
0.392857
-0.039979
0.099021
-0.092849
0.034299
0.562841
0.004407
0.073801
0.615906
-0.085878
0.025505
-0.107133
0.134056
0.139049
-0.207388
0.116465
-0.062858
-0.053476
-0.234058
-0.030452
0.215126
0.011228
-0.174082
-0.031402
-0.016333
-0.063011
0.552377
-0.128759
-0.003118
-0.154484
0.096316
-0.104124
0.025384
-0.144392
-0.091740
-0.184764
0.383100
-0.311863
-0.231965
-0.147925
0.047005
0.069437
-0.054144
0.035481
-0.041676
-0.048097
0.366619
0.094779
0.215828
-0.157724
0.051895
-0.057754
0.120152
0.185202
-0.108552
0.026151
-0.338480
0.398091
0.366331
0.074080
-0.072072
0.493596
-0.051491
0.328192
0.440381
-0.320549
0.405852
0.485728
-0.190476
0.157488
0.085792
-0.081909
-0.238590
-0.145197
0.048557
0.501458
0.074973
-0.058362
-0.024728
-0.306486
0.395666
0.131318
-0.151150
0.007716
-0.055800
0.116916
-0.105628
0.124060
0.065804
0.482369
0.066332
-0.298459
-0.058763
0.131453
-0.035383
-0.411963
-0.586677
0.107074
0.094199
-0.190534
-0.049210
0.411497
-0.005173
-0.221739
-0.073539
0.033852
-0.183767
0.063079
-0.073625
-0.111927
-0.002832
0.078698
-0.093499
0.083239
-0.039999
0.067278
0.059530
-0.235487
-0.011869
-0.368496
0.412119
-0.190985
0.453011
0.057487
0.100344
-0.299696
0.018356
-0.130204
-0.396463
-0.145321
-0.181526
-0.250839
-0.161420
0.137108
-0.064248
0.135342
-0.214913
-0.094641
0.017179
-0.117130
0.094386
0.011315
-0.206304
0.094627
-0.118289
-0.154810
-0.123954
0.222100
-0.020527
0.048912
0.025008
0.039564
0.180706
0.163491
0.186365
-0.028802
-0.186556
0.116250
0.012954
0.359222
0.053667
0.393040
0.077647
0.698862
0.715751
0.127763
0.027332
0.111033
0.386093
-0.285048
-0.046363
-0.043422
0.056499
-0.352929
-0.142348
0.096684
0.021193
0.173856
0.066578
0.566068
-0.029263
-0.127893
-0.057379
-0.118084
-0.160011
-0.079001
-0.307819
-0.080084
0.571323
0.355200
-0.074971
-0.069256
-0.163248
0.179870
-0.101200
0.039744
0.448853
0.014420
0.780048
0.418844
-0.049834
-0.010601
-0.074445
-0.071608
0.031259
-0.056265
0.100685
-0.061869
-0.250872
0.050129
-0.207213
0.643448
0.080539
0.070831
-0.058037
0.597320
-0.031224
0.179856
0.086045
-0.076279
-0.036918
-0.068777
-0.297494
0.054369
0.050647
0.147049
0.103195
-0.126939
0.032574
0.063791
-0.007303
0.038692
0.369048
-0.285714
0.045678
0.011439
0.093401
0.109402
0.091465
0.051560
-0.175668
-0.017922
-0.094949
0.277924
0.090663
0.023992
-0.112773
0.016915
0.624592
0.226586
-0.007567
0.077478
-0.151386
-0.160293
0.095092
0.062605
-0.063137
0.627601
-0.334019
0.086847
-0.132419
0.093540
0.051227
-0.005434
0.059463
-0.282219
0.084625
-0.130952
0.055925
0.048538
-0.098194
0.069048
-0.059904
0.066460
-0.174454
0.615267
-0.182076
0.152250
-0.118754
0.228623
0.038118
0.152564
0.065471
0.370634
0.145319
0.048206
0.068481
-0.118699
-0.309524
-0.082983
-0.118762
-0.297879
-0.209123
-0.167944
-0.093169
0.642204
0.126371
-0.202722
0.144866
-0.160588
-0.204528
0.032015
-0.113756
0.067873
-0.139909
0.654876
0.054938
0.407602
0.413316
0.112660
-0.107069
0.024523
-0.075789
0.144072
0.399966
-0.043616
0.128810
-0.215041
-0.119230
-0.179211
0.107846
0.066056
-0.340117
0.013633
-0.028267
0.030939
-0.301382
-0.017092
-0.214286
0.366781
0.060656
-0.349400
0.117545
-0.139939
0.679667
-0.186037
-0.163838
0.078834
-0.029781
-0.158075
-0.076370
0.387721
-0.055306
0.277924
0.342995
-0.053613
-0.025317
0.376847
-0.158546
0.071656
0.090115
0.009795
0.009699
0.021662
0.041437
0.062677
-0.285731
-0.257293
-0.008031
-0.016934
-0.006950
-0.199398
-0.115893
0.025487
-0.306998
0.433728
-0.301571
0.097590
-0.074190
0.086814
-0.072701
0.199267
0.440608
-0.267027
-0.188946
0.218325
-0.008994
0.222408
0.093209
0.026870
-0.010627
0.089028
-0.050285
0.004161
0.198051
0.078885
0.191438
0.050432
0.535275
-0.112031
-0.227461
-0.101241
-0.228497
0.423328
-0.369048
0.387370
-0.029531
0.541301
0.444178
0.043132
0.100450
0.078007
-0.135508
0.075168
-0.019307
0.094392
-0.135119
-0.130002
0.404825
-0.393942
0.470324
-0.114488
0.446197
0.111692
-0.286067
-0.009259
-0.277897
-0.190209
0.571166
-0.081447
0.022029
0.100305
-0.054591
-0.318480
-0.217649
-0.015224
-0.101706
0.710464
-0.124349
-0.055097
0.093517
-0.021834
0.100568
0.171256
0.222682
0.309524
-0.255883
-0.018187
0.189742
0.244297
0.034406
0.569966
0.003592
0.061590
0.082057
0.157112
-0.003567
0.400816
0.021506
0.036002
0.032752
0.040232
0.020428
-0.209969
0.118384
0.378287
-0.069377
0.129119
-0.077587
-0.000494
-0.171823
-0.008473
0.106879
0.091728
-0.129091
0.018283
-0.249543
0.039336
-0.235359
0.024898
0.453542
-0.393686
-0.373709
0.004201
-0.138310
0.139085
-0.194430
-0.054923
0.350500
-0.073564
-0.064268
0.522913
0.526096
-0.011113
0.177961
0.066936
0.043310
0.253893
0.088995
-0.020032
-0.066253
0.001826
-0.144865
-0.026060
0.131086
0.113758
-0.041035
0.073635
0.370256
-0.157352
0.147726
0.170365
-0.336365
0.061969
-0.296257
-0.156246
-0.055011
0.074745
0.088351
0.114942
0.075490
-0.357329
-0.079565
-0.103957
0.069827
0.477827
0.176310
0.004737
-0.228720
0.096614
0.090719
-0.069514
-0.022121
-0.409959
0.167721
0.409539
-0.164360
-0.030943
0.170147
0.357506
-0.049987
0.159023
0.119523
0.139037
0.150668
0.030529
0.277924
-0.044317
0.084463
-0.228036
0.205795
-0.390582
-0.026254
-0.044550
-0.025153
-0.170921
-0.155508
0.395298
-0.071263
0.009794
0.034347
0.041805
