0.119092
-0.081441
0.102983
0.314778
0.180268
0.094136
0.079856
0.061593
0.090360
0.040615
0.232814
0.012024
0.031482
0.279189
0.146915
0.052323
0.022173
0.130856
0.024536
0.045193
0.082860
0.043854
0.064785
0.161630
0.111361
0.001405
0.190444
0.033540
0.140619
-0.066543
0.207248
0.024624
0.058301
0.036999
0.034086
-0.057528
0.110415
0.028859
0.305855
0.031178
-0.051975
0.147277
0.082358
0.035745
0.045981
0.146506
0.183023
0.112819
0.126595
0.128831
0.013286
0.016034
0.022302
0.126031
0.032052
0.078382
0.088551
-0.107633
0.054603
-0.012780
0.422759
0.029606
0.063631
0.048075
0.162531
0.069191
0.186092
0.015862
0.055033
-0.013553
0.069878
0.043682
0.195872
0.074934
0.053456
0.166395
0.055323
0.035034
0.044765
0.184277
-0.036573
-0.011809
0.196680
0.131609
0.036000
0.051351
0.015944
0.117112
-0.040960
0.033145
0.043676
0.189285
0.020356
-0.017960
0.063528
0.048853
0.130471
0.014726
0.128956
0.027384
0.317208
-0.009668
0.016334
-0.009986
-0.031487
0.084633
0.029131
0.077283
0.194905
0.007541
0.049899
0.176017
0.057833
0.026549
0.137712
0.110225
0.020515
0.031478
-0.039067
0.013156
0.379920
0.004153
-0.112382
-0.073902
-0.042620
-0.059363
0.168557
0.117231
0.163116
0.165541
0.032925
0.069753
0.039764
0.188046
0.003808
0.047004
0.044763
0.030910
0.174065
0.006627
-0.048466
0.102671
0.041592
0.050001
0.182529
0.296246
0.041730
-0.005013
0.135322
0.136529
0.096744
0.112714
0.041032
0.078357
0.045152
-0.014273
0.011722
0.110054
0.027936
-0.038678
0.117530
0.144894
0.070849
0.095856
0.106497
0.147026
0.001887
-0.012694
0.305274
0.151397
0.159163
-0.045180
0.071157
0.004047
-0.006538
0.025173
-0.073580
0.171185
0.192659
0.139780
0.081443
0.010384
0.021949
0.038445
0.032009
0.035306
0.013061
0.154761
-0.189823
0.233241
0.175428
0.150266
0.103126
0.037628
0.225467
0.014035
0.192541
0.124543
0.103366
0.077640
0.045885
0.322341
0.182256
0.088880
0.125661
0.227406
0.134799
0.016347
0.040802
0.093946
0.026347
0.032296
0.146093
0.040764
0.221260
0.332983
0.223543
0.132354
0.087917
0.152647
0.116007
0.232051
0.228055
0.199028
0.090763
0.070714
0.199834
0.201614
0.017540
0.163498
0.117500
0.019797
0.191747
0.029863
0.164500
0.116594
-0.043303
0.106707
0.032778
0.108642
0.072279
0.338720
0.091432
0.151455
0.047453
0.155139
0.357453
0.183406
0.072960
0.022732
0.181198
0.016334
0.032427
0.004768
-0.021020
0.102556
0.077558
0.304582
0.072620
0.014451
-0.086328
0.155885
0.194854
0.017527
0.094408
0.188438
0.327110
0.272154
0.017550
0.049014
0.025447
0.004586
0.031919
-0.012315
0.017655
-0.036281
0.027978
-0.012166
0.044012
0.297246
-0.032650
-0.039766
-0.022957
-0.010722
-0.096388
0.057524
0.135631
0.012355
0.099922
0.281928
0.158874
0.004869
0.048673
0.001381
0.151149
0.066208
0.249068
0.076329
0.057900
0.095109
0.042038
0.026690
-0.051862
0.291760
0.241828
-0.131666
-0.113881
0.178436
0.023824
-0.025744
0.111277
0.234992
0.174936
0.126032
0.309933
0.109038
0.047269
0.030344
0.135270
0.218773
-0.002180
0.063946
-0.035667
0.033035
-0.012594
0.072092
0.027561
-0.002328
0.136636
0.035264
-0.026289
0.001968
0.121501
0.014342
0.062381
0.055605
0.078943
0.099619
0.048379
0.011319
0.052259
0.141722
0.219546
0.374433
0.172568
0.358907
0.297749
0.051166
0.022289
0.085593
0.090239
0.249109
0.178187
0.110258
0.193196
0.016334
0.091792
0.088409
0.070503
0.328554
0.152043
0.189120
0.116557
0.063413
0.036208
0.163235
0.050087
0.214446
0.085610
0.271543
0.165602
0.080894
-0.061974
0.027470
0.001839
0.067094
0.069318
0.206038
0.150400
0.002022
0.220191
0.030930
0.040646
0.040227
0.195361
0.289266
0.126265
0.270683
0.102507
0.128536
0.070078
0.077516
0.138559
0.176721
0.003360
0.115171
0.052091
0.055779
0.192006
0.031086
-0.172340
0.131592
0.063817
0.140299
0.036372
0.108362
0.112852
0.037336
0.189416
0.055195
0.048737
0.077423
0.014419
0.012420
0.035850
0.128970
0.059102
0.143480
0.113685
0.015529
0.016200
-0.074550
0.045306
0.053401
0.101885
0.073502
0.389089
-0.024179
0.209301
0.243688
-0.161709
0.025355
0.072757
0.060217
0.274157
0.163337
0.155890
0.188826
-0.014526
-0.068406
0.353768
0.210159
0.068607
0.143776
0.183659
0.131779
0.186580
0.133714
0.069933
0.181914
0.079987
0.011478
0.246833
0.180424
-0.217639
0.007879
0.041258
0.011907
-0.045039
-0.051278
-0.041652
0.037223
0.036714
0.025336
0.045240
-0.002026
0.018863
0.141819
0.066370
0.038914
0.168529
0.064981
0.046621
0.174531
0.049026
0.047947
0.237845
0.016334
0.074531
0.258001
0.190337
0.096180
0.059918
0.117853
-0.033162
0.193825
0.034386
0.026064
0.193830
0.106195
0.204899
0.199619
0.062927
0.219394
0.053326
0.055518
0.109553
0.096166
0.283371
-0.020386
0.056777
0.066006
0.076983
0.309681
0.072449
0.153029
0.083818
0.032756
0.203406
0.088950
0.113807
0.200318
0.243084
0.056417
0.322876
0.178043
0.070377
0.122021
0.009095
0.085816
0.059635
0.137890
0.165725
0.063297
0.008540
0.046105
0.272294
0.262295
0.205309
0.155116
0.154532
0.026129
0.142557
0.195591
0.006594
-0.010246
0.161276
0.016492
0.142622
-0.064214
0.050399
0.217926
0.059563
0.207610
0.075460
0.217151
-0.044806
0.166821
0.082818
0.225603
0.015082
0.053178
-0.093213
0.209117
0.106804
0.101040
0.044622
-0.055341
0.090741
0.087765
0.042973
0.134855
0.078391
-0.009424
0.146630
0.082194
0.183867
0.039384
0.042573
-0.056711
0.102965
0.135010
0.317388
0.095468
0.043760
-0.055882
0.081971
0.113368
0.233996
0.083242
0.003072
0.258843
0.116692
0.143971
0.109877
0.149995
0.052835
0.098243
0.147926
0.211051
0.075106
0.155717
0.309146
-0.003976
0.172675
0.015048
0.138824
0.118774
0.127608
0.152276
0.015310
0.144063
0.310615
0.090657
0.072355
0.090311
0.011472
0.177500
-0.103828
0.123434
0.045144
0.069280
0.241558
0.049308
0.161861
0.447095
0.043313
0.025872
0.192907
0.328231
0.192542
0.015570
0.057999
0.022435
0.257799
-0.010442
0.194750
0.200188
0.122577
0.315402
-0.026804
0.026695
0.032901
0.212611
0.013596
0.339597
0.125670
-0.117879
0.014695
-0.049975
0.101376
0.078036
0.261319
0.022911
0.008992
0.282206
0.308462
0.155641
0.009929
0.028528
-0.087249
0.131001
0.058442
-0.042842
0.159696
0.012485
0.077895
0.009612
0.105579
0.013178
0.269272
0.018409
0.064524
0.076118
0.060529
0.044534
-0.023308
0.118039
0.198950
-0.275933
0.310018
0.297070
0.188232
0.037761
0.139260
0.223694
0.257843
-0.025633
0.148320
0.079915
0.080475
0.061071
0.180753
-0.005073
0.016857
0.103140
0.046826
0.135185
0.023857
0.159506
0.012707
-0.019733
0.134474
0.247425
0.258785
0.284877
0.135800
0.379817
0.110791
0.018627
0.092640
0.086562
0.242646
0.129568
0.186174
0.163438
0.250970
-0.000343
-0.292896
0.055188
-0.002497
0.025534
0.061696
0.063002
0.015082
0.016334
0.060945
0.151130
0.073540
-0.029726
0.009174
0.040410
-0.038554
0.107298
0.170874
0.098776
0.214431
0.088197
0.114834
0.012859
0.191280
0.013556
0.084353
0.028364
0.033932
0.019127
0.051124
0.063497
0.141498
0.133519
0.066781
0.093483
0.152553
0.100283
0.207203
0.204814
0.210312
0.042927
0.238340
-0.004001
0.063920
-0.054778
0.119941
0.104562
0.247032
-0.002600
0.147122
0.109109
0.189976
-0.008526
0.391792
0.048991
0.243302
-0.034581
0.241719
-0.122169
-0.054905
-0.050502
0.061934
0.215320
0.016334
0.117709
0.143971
0.048191
0.245681
0.068934
0.109744
0.049071
0.027840
0.056688
0.090099
0.068816
0.054767
0.086385
0.133467
0.217196
0.174992
0.258346
-0.084119
0.058380
0.051995
-0.006333
-0.015262
0.098702
-0.059145
0.027924
0.082615
0.103186
0.186470
0.087151
0.133021
0.205271
0.119414
0.106331
0.160219
0.066727
-0.004087
0.240798
0.110871
0.003477
0.013276
0.030990
0.122460
0.034952
0.176392
0.106195
0.053515
0.103896
0.142488
0.037286
0.259409
0.060013
0.015572
0.049118
0.023735
0.016262
0.268730
0.177411
0.052666
0.117965
-0.067117
0.041307
0.101191
0.041240
0.111065
0.039726
0.149182
0.077688
0.108732
0.076228
0.231161
0.115685
0.092539
0.339412
0.038276
0.068690
0.104347
0.207489
0.300516
0.061356
0.085558
0.112540
0.046562
0.044268
0.032841
0.207854
0.088581
0.027915
0.071935
0.058649
0.097244
0.049086
0.085303
0.043470
-0.013087
0.068536
0.165889
0.055329
0.167934
0.127991
0.096116
0.050030
0.154641
0.122880
0.018832
0.034476
0.014726
0.028853
0.239076
-0.159694
-0.065341
0.105603
-0.000725
0.093318
0.094303
0.072635
0.244144
0.035750
0.017744
0.302589
0.164457
0.066898
0.345513
0.113085
0.383492
0.042855
0.170865
-0.022747
0.034540
0.090938
0.238734
0.062505
0.041024
0.015609
0.106709
0.165131
0.305912
0.314120
0.047060
0.091835
0.139286
0.066310
-0.017379
0.156281
0.075671
0.273188
0.021693
0.016334
0.267629
-0.032424
-0.075405
-0.044583
0.053748
0.119545
-0.016947
-0.016882
-0.146045
-0.040580
0.073397
0.144664
0.297262
0.068909
0.165131
0.216845
-0.035555
0.087914
0.087751
0.080236
0.048803
0.172194
0.157591
0.272033
0.070428
0.013021
0.061265
0.048072
0.218145
0.051718
0.246485
0.284015
0.202975
0.292717
0.285546
0.041657
0.106155
0.028224
0.074367
0.205802
0.077999
-0.019908
0.186121
0.056706
0.181459
0.061167
0.161621
0.186458
0.230081
0.219590
-0.029256
-0.062865
-0.013951
0.251753
0.071670
0.065203
0.152026
0.017286
-0.009232
-0.001901
-0.013957
0.007721
0.017207
0.010921
-0.039934
-0.105096
0.130310
0.260341
0.132059
0.153987
0.112038
0.159163
0.115333
0.057807
0.147388
0.107191
0.029271
0.090838
0.122371
0.028684
0.386941
0.065443
0.037846
0.305217
0.141696
0.103712
0.271279
0.264718
0.060620
0.157345
0.287260
0.143368
-0.068531
0.318388
0.085692
0.137203
-0.145531
0.105388
0.239511
0.153292
0.045744
0.177171
0.139842
0.337398
0.055553
0.216342
0.150157
0.194688
0.014770
0.009911
0.049835
0.119237
0.032730
0.190412
0.054244
0.226579
