0.135076
-0.363963
0.095122
0.446409
0.322535
0.063372
0.071646
0.069336
0.188464
-0.140802
0.557065
0.006829
-0.391688
0.293137
0.149621
0.060580
0.065669
-0.308508
-0.196220
-0.072432
0.069406
0.064890
-0.010427
0.121492
0.060084
-0.137102
0.603816
-0.006087
0.234793
-0.267383
0.527296
0.022102
0.162353
-0.077373
0.059863
-0.522934
0.109943
0.041170
0.662922
0.154065
-0.395708
0.194420
0.036530
0.126486
0.112484
0.492769
0.213636
0.099235
0.483011
0.047195
-0.009020
-0.253595
-0.188192
0.210270
-0.056290
0.175090
0.599820
-0.293609
0.095164
-0.195197
0.564009
0.088914
-0.166142
0.183281
0.449354
0.066780
0.006749
-0.368269
0.010564
-0.397989
0.036005
-0.181722
0.186519
-0.158230
0.217483
0.198677
0.065216
-0.199929
0.141208
0.613392
-0.265187
-0.127733
0.176031
0.248704
-0.049922
-0.070673
-0.086509
0.699390
-0.390861
-0.021582
0.001009
0.277543
-0.301489
-0.280069
-0.025503
-0.199702
0.143095
-0.142857
0.114505
-0.100598
0.509843
-0.409857
0.333509
-0.268064
-0.222276
0.447577
-0.131229
-0.183589
0.530509
-0.040341
-0.046850
0.087313
0.504824
0.064397
0.267445
0.491509
-0.069522
0.036550
-0.221757
-0.033096
0.501695
-0.031722
-0.293284
-0.334382
-0.380502
-0.233459
0.191968
0.476798
0.163727
0.247476
0.060812
-0.088777
0.028251
0.547106
-0.328747
-0.124016
0.029594
-0.091116
0.193010
-0.153754
-0.425614
0.047617
0.048210
0.050724
0.265808
0.708394
0.063562
-0.260953
0.217408
0.062874
0.200007
0.164356
-0.227275
-0.051379
0.104792
-0.273200
-0.102209
0.092695
0.016946
-0.393794
0.156651
0.204952
0.161267
0.167313
-0.045324
0.549982
-0.041736
-0.136589
0.359688
0.234407
0.185506
-0.080145
-0.092333
-0.022683
-0.050391
-0.005225
-0.427624
0.195818
0.015137
0.183771
0.043743
0.018590
-0.026470
-0.019968
-0.043293
0.047751
-0.123896
-0.051460
-0.550757
0.439100
0.111442
0.077106
0.148263
0.420447
0.595383
-0.265737
0.295534
0.433695
0.540280
0.162078
0.029129
0.424383
0.135291
-0.043887
0.180889
0.351459
0.198005
0.035714
-0.061807
0.005954
-0.154853
0.035402
0.255828
0.035597
0.246579
0.569058
0.308229
-0.026435
0.126351
0.141240
0.170522
0.326195
0.439136
0.094788
0.189473
0.030303
0.174466
0.222745
-0.173262
0.299914
0.089532
-0.194858
0.322657
0.098191
0.148896
0.106050
-0.412832
0.094734
-0.235473
-0.006796
-0.113034
0.511753
0.202175
0.118214
0.132161
0.234776
0.630779
0.042822
0.056320
0.111451
0.276791
0.333509
0.109396
-0.160911
-0.335651
-0.011834
0.052998
0.662894
0.076764
0.007077
-0.395087
0.230330
0.647835
0.042480
0.138980
0.145003
0.608911
0.663808
-0.050977
-0.151256
-0.231084
-0.144659
0.004119
-0.202040
-0.039520
-0.258157
-0.094342
-0.167234
0.008686
0.454134
-0.309751
-0.278862
-0.235113
-0.129203
-0.466219
-0.255994
0.198293
-0.218791
0.077791
0.767079
0.590721
-0.109105
0.084997
-0.201272
0.179601
0.022333
0.462456
0.030588
0.077768
-0.470494
0.029770
-0.040348
-0.283754
0.709617
0.755989
-0.360112
-0.303623
0.166561
0.107066
-0.093428
-0.256740
0.407304
0.449536
0.520071
0.377765
0.138713
0.123880
0.016542
0.236161
0.335348
-0.222733
0.076591
-0.196415
-0.025434
-0.113799
0.174651
0.066841
-0.300337
0.507372
-0.015301
-0.297649
-0.122308
0.508414
-0.127914
0.439333
0.082147
0.109967
0.498195
-0.128074
-0.062000
-0.148849
0.256989
0.317223
0.336090
0.541131
0.486847
0.501957
0.098786
-0.025445
0.177192
0.666059
0.432304
0.355354
0.256367
0.578754
0.333509
0.108338
0.165143
0.216636
0.457254
0.585942
0.335984
0.178753
0.140297
0.078735
0.626269
0.084626
0.687805
0.547619
0.609906
0.188791
0.149739
-0.404450
-0.144912
-0.291678
0.494593
0.155449
0.256545
0.195874
-0.154191
0.243804
-0.360097
0.048098
0.110705
0.296633
0.309439
0.480545
0.487501
0.572825
0.450153
0.585966
0.097273
0.223164
0.113133
-0.113053
0.175720
-0.018701
0.133070
0.179601
0.050321
-0.655681
0.133514
0.131796
0.071683
0.076749
0.168106
-0.215664
0.461294
0.254279
0.095901
-0.210237
0.046159
-0.414503
-0.106753
0.060273
0.659168
0.460503
0.615293
0.186765
-0.176620
-0.059524
-0.475041
0.055136
-0.031166
0.114486
0.090596
0.529998
-0.104064
0.487738
0.653989
-0.471074
0.025696
0.132303
0.128731
-0.122392
0.665087
-0.220511
0.299793
-0.033460
-0.313727
0.411703
0.291123
0.133587
0.195838
0.533275
0.061703
0.256379
0.245222
-0.066802
0.231273
0.035087
-0.058949
0.217388
0.220100
-0.576853
0.026841
0.006854
-0.154601
-0.281706
-0.408097
-0.331553
-0.159019
0.041534
-0.005669
0.044784
-0.269429
-0.139602
0.072523
0.095077
-0.090033
0.527251
0.063684
0.115825
0.217371
-0.056398
-0.160205
0.338647
0.333509
0.113037
0.717265
0.439134
0.127183
0.464286
0.199386
-0.395877
0.294328
0.056613
-0.070556
0.317522
0.580080
0.541416
0.237772
0.017976
0.282640
-0.202067
0.060410
0.116041
0.198622
0.374723
-0.425548
0.034535
0.123430
0.178394
0.332242
0.004847
0.357352
-0.032882
0.018101
0.225820
0.043460
0.076171
0.284422
0.183414
0.145157
0.486366
0.094909
0.053632
0.197241
0.008610
-0.039914
0.022746
0.155319
0.596741
-0.058095
-0.168859
0.035385
0.358239
0.555768
0.571868
-0.102717
0.024897
0.122807
0.137527
0.000101
-0.178656
-0.150670
0.149173
-0.205926
0.104280
-0.340630
0.078341
0.620798
0.128366
0.453544
0.140657
-0.188204
-0.397272
0.182170
0.152278
0.254401
-0.130952
-0.103580
-0.333890
0.283051
0.124678
0.011263
0.060978
-0.286020
0.123443
0.104108
-0.124422
0.087055
0.177231
-0.032514
0.200380
0.259805
0.187169
-0.084535
-0.125917
-0.367945
0.212605
0.233303
0.787143
0.196872
-0.074843
-0.374292
0.087957
0.098212
0.584447
-0.057232
-0.171800
0.236104
0.005714
0.089933
0.510110
0.157468
0.033202
-0.224533
0.147400
0.225422
-0.125414
0.190300
0.273696
-0.129929
0.215334
0.072608
0.043499
0.195324
0.610187
0.161149
0.025367
0.124467
0.489262
0.056518
-0.050215
-0.159758
0.010913
0.201875
-0.254946
-0.160693
-0.037560
-0.028593
-0.223497
-0.003056
0.211660
0.529990
0.014652
0.036110
0.512380
0.570767
0.198106
0.055716
0.034987
-0.207620
0.267594
-0.271479
0.290249
0.210411
0.160790
0.537995
-0.112473
-0.032256
0.072180
0.282194
-0.079649
0.299468
0.117760
-0.410458
-0.212557
-0.192017
0.154577
-0.013992
0.195821
-0.010648
-0.183150
0.594369
0.769005
0.551898
-0.111242
-0.029830
-0.433446
0.018743
-0.147912
-0.383057
0.166701
-0.289952
0.158128
-0.176576
0.628705
0.166735
0.459542
-0.010277
-0.071909
0.102965
0.032836
-0.099594
-0.305385
0.145654
0.212328
-0.789738
0.449620
0.434798
0.345824
0.071863
0.087866
-0.113015
0.262133
-0.007123
0.093418
0.080307
0.127973
0.039916
0.311486
-0.055953
0.045476
0.092182
0.084032
0.056185
-0.102220
0.187682
-0.140903
-0.298463
0.232296
0.293435
0.326289
0.288133
0.188851
0.398113
0.094391
-0.030370
0.096807
0.081638
0.404236
0.155215
-0.017851
0.248405
0.343547
-0.202609
-0.695340
-0.036879
-0.192811
-0.039430
0.032502
-0.094876
-0.130952
0.333509
0.142019
0.494301
0.175910
-0.160298
-0.362933
-0.117277
-0.294346
0.657268
0.120560
0.583333
0.608287
0.033931
0.201316
-0.195665
0.544249
0.103256
0.114867
0.076699
-0.183823
-0.226156
-0.089109
0.082790
0.145154
0.138455
0.085117
-0.393210
0.208038
-0.009163
0.602774
0.311490
0.338115
0.033476
0.433382
-0.345238
-0.097598
-0.332193
0.072090
0.125301
0.025385
-0.392574
0.097935
-0.043012
0.271356
-0.284535
0.372188
-0.238928
-0.017159
-0.290910
0.361376
-0.518053
-0.345416
-0.330795
0.104884
0.175466
0.333509
0.043041
0.129907
0.095858
0.276232
0.067918
0.237246
-0.190867
-0.063129
0.112510
0.101828
-0.003152
0.085874
0.255151
0.263599
0.181438
0.274018
0.713078
-0.324193
-0.224920
0.116244
-0.113831
-0.034055
0.112258
-0.007195
0.039815
0.121686
0.134753
0.284376
0.148168
0.194104
0.204870
0.250125
0.516246
0.239998
0.111939
-0.144915
0.408191
0.090006
-0.151301
-0.178571
0.105360
0.561889
0.076245
0.440903
0.308930
0.501804
0.208669
0.097125
0.121240
0.533979
0.082255
0.016452
-0.049877
-0.163247
-0.047619
0.498724
0.088370
-0.223303
0.106611
-0.220867
0.042967
-0.024144
-0.038836
-0.085387
0.014038
0.183917
0.090966
0.163876
0.114158
0.321179
0.167934
0.543514
0.458555
-0.040934
-0.056796
0.542885
0.525384
0.279549
0.082537
0.002544
0.201577
0.134483
-0.098294
-0.048673
0.059148
0.160545
0.241452
0.167362
0.014987
0.085096
0.021492
0.160115
0.068659
-0.296625
0.085308
0.180260
0.007151
0.159110
0.526065
0.519258
0.047236
-0.024560
0.023278
-0.231867
0.508845
-0.142857
0.020951
0.319407
-0.437116
-0.371286
-0.042475
-0.005212
0.642243
0.055859
0.115594
0.237678
-0.002689
-0.152395
0.443911
0.247645
0.524137
0.499937
-0.069439
0.637235
-0.027526
0.264465
-0.325639
-0.121385
-0.093835
0.610204
0.012766
0.028238
0.139102
0.223037
0.202025
0.423300
0.404109
-0.097584
0.159531
0.187534
-0.070387
-0.024875
0.203013
0.094206
0.320117
-0.221296
0.333509
0.343193
0.069804
-0.154040
-0.136225
0.090745
0.077110
-0.249818
-0.324218
-0.531325
-0.241270
0.121491
0.526745
0.285431
-0.003974
0.573436
0.517079
-0.008618
0.127708
0.011179
0.108803
-0.114279
0.252191
0.170019
0.289538
0.195208
0.094166
0.118638
0.132736
0.486323
-0.109687
0.016002
0.383596
0.291445
0.740212
0.419234
0.136129
0.140096
-0.220578
0.081564
0.162017
0.118737
-0.283926
0.006583
-0.069427
0.077251
-0.177937
0.153357
0.468692
0.662168
0.287583
-0.352802
-0.521000
-0.055130
0.343224
0.087987
0.129187
0.225131
-0.042825
-0.173891
-0.195965
-0.170194
-0.043986
-0.274274
-0.048849
-0.421731
-0.396878
0.206132
0.318640
0.205963
0.179000
0.199690
-0.003440
0.092816
0.147169
0.441203
0.222113
-0.046273
0.022637
0.462372
-0.362224
0.474042
0.071269
0.020152
0.365254
0.221382
0.275955
0.608367
0.264198
0.016371
0.485480
0.478242
0.046844
-0.335131
0.557374
0.126127
0.498740
-0.642317
-0.266025
0.441626
0.493544
0.404762
-0.464458
0.164533
0.379256
-0.235029
0.595855
0.179318
0.207123
-0.200461
-0.354763
-0.114251
-0.160015
0.003670
0.553952
0.138764
0.513417
